Training from scratch..
Initializing samples..
[[4.885167  4.6442456 4.2847967 ... 4.3361197 4.2886214 4.6499443]
 [4.38435   4.1585493 3.7998943 ... 3.8688872 3.9156477 4.659292 ]
 [4.5801644 4.5767927 4.028447  ... 4.0827293 4.0964985 4.6370907]
 ...
 [4.6229343 4.472888  4.0167866 ... 4.0703583 3.9947598 4.695335 ]
 [4.5669384 4.524177  4.0956526 ... 4.13186   4.2592597 4.6743813]
 [4.63895   4.5494094 4.3346024 ... 4.3577185 4.567909  4.6992865]]
 
(base) mcav@mcav:~/unsupervised-pseuso-LiDAR$ python eval.py 
Training from scratch..
Initializing samples..
[[5.2718906 5.1458993 5.1273174 ... 5.1290226 5.1240315 4.8699026]
 [5.08108   5.125356  5.1463118 ... 5.1453    5.2555857 4.8821177]
 [5.0223236 5.032149  5.1363754 ... 5.172142  5.172247  4.998353 ]
 ...
 [5.0396714 5.079532  5.115717  ... 5.120877  5.1748657 4.987484 ]
 [4.909851  4.851422  4.860323  ... 4.8594966 4.9687247 4.9061656]
 [4.6932163 4.890581  4.9270563 ... 4.931612  5.014396  4.8632736]]




 pose preds
 ----------
 pose
tensor([[[ 1.0000e+00, -4.1413e-04, -1.3628e-03,  1.1919e-03],
         [ 4.1495e-04,  1.0000e+00,  5.9605e-04,  2.6828e-04],
         [ 1.3626e-03, -5.9661e-04,  1.0000e+00,  9.2332e-03]]],
       device='cuda:0', dtype=torch.float64)
oxts
[[-0.86641204  0.49881237 -0.02272454  1.11367715]
 [-0.49928782 -0.86603136  0.02648332  0.65526296]
 [-0.00646995  0.03429156  0.99939093 -0.00606537]
 [ 0.          0.          0.          1.        ]]
